0 
1 
2 
3 
4 
5 
6 
7 
8 
9 
10 
11 
12 
13 
14 
15 
16 
17 
18 
19 
20 
21 
22 
23 17 197 16 23 
24 447 211 17 15 
25 446 211 17 15 
26 
27 
28 
29 
30 
31 
32 
33 
34 
35 440 210 18 17 
36 440 211 17 16 
37 439 210 17 17 
38 
39 440 209 15 18 
40 439 209 17 17 
41 439 208 19 18 
42 439 207 19 20 
43 439 207 19 19 
44 438 207 22 20 
45 438 209 23 20 
46 439 212 22 20 
47 438 212 24 21 
48 439 213 24 21 
49 439 213 25 22 
50 439 213 26 22 
51 440 212 26 22 
52 440 211 28 24 
53 444 201 29 35 443 209 28 28 
54 444 210 30 28 446 208 31 31 
55 445 211 30 30 
56 448 213 29 32 
57 452 216 30 32 
58 450 218 36 33 
59 453 217 39 37 
60 453 217 43 37 
61 456 217 47 39 
62 461 217 47 41 
63 470 213 51 53 
64 472 215 63 52 
65 474 216 73 60 
66 471 219 96 65 
67 492 220 97 76 
68 499 226 121 89 444 199 18 17 
69 517 225 142 109 
70 529 229 194 128 
71 560 240 240 154 
72 614 242 185 153 
73 671 246 128 182 
74 
75 
76 
77 
78 
79 
80 
81 
82 451 207 15 14 
83 451 208 15 13 
84 451 207 15 14 
85 451 208 15 13 
86 449 208 16 14 
87 448 208 16 14 
88 448 208 16 15 
89 447 209 17 14 
90 447 209 17 15 
91 447 210 16 15 
92 446 209 18 16 
93 446 209 17 16 
94 445 209 18 17 
95 445 209 18 17 
96 445 209 18 18 446 214 17 15 
97 445 209 18 18 446 214 17 16 
98 445 209 18 18 446 214 17 16 
99 445 210 18 17 446 215 17 14 
100 445 210 19 18 
101 445 209 19 19 
102 444 214 20 17 
103 444 215 20 17 
104 444 215 23 18 
105 444 215 24 19 
106 445 215 24 20 355 141 46 93 
107 445 215 25 22 354 140 52 95 
108 353 140 56 97 444 216 29 23 
109 353 140 53 98 444 216 30 24 
110 352 139 53 98 448 216 30 26 
111 351 137 54 102 449 216 30 25 
112 349 137 56 101 
113 349 137 57 101 
114 349 136 57 101 
115 349 135 56 102 
116 349 136 56 101 
117 348 135 58 103 
118 347 136 59 102 
119 348 136 58 103 
120 348 137 58 103 
121 349 137 57 102 
122 348 136 58 104 
123 348 136 58 103 353 212 50 30 
124 348 137 59 101 353 212 51 30 
125 348 137 59 101 353 211 51 30 
126 353 211 52 30 348 136 59 101 
127 353 210 52 31 348 136 59 101 
128 348 136 59 101 353 210 52 30 
129 348 136 59 102 354 210 51 30 
130 349 135 58 102 354 210 51 30 
131 349 136 58 102 355 211 50 30 
132 349 136 58 102 353 211 52 30 
133 349 136 58 102 354 211 51 30 
134 349 135 58 104 354 211 51 30 
135 348 137 60 100 353 211 53 30 
136 348 137 60 100 353 210 53 31 
137 348 137 60 100 353 210 53 31 
138 348 137 60 99 353 209 53 32 
139 348 137 60 99 354 209 52 32 
140 348 137 60 99 354 209 52 31 
141 355 208 51 32 347 137 62 98 
142 356 208 50 31 347 136 62 98 
143 356 208 51 31 347 136 62 98 
144 347 135 62 100 356 208 50 31 
145 348 135 60 101 356 208 50 31 
146 347 136 62 100 356 208 50 32 
147 348 137 60 100 356 208 50 33 
148 349 136 58 103 355 210 51 31 
149 348 137 59 102 356 211 50 30 
150 348 137 60 104 355 211 50 30 
151 348 136 60 105 355 211 50 31 
152 348 136 59 105 355 211 50 31 
153 349 137 58 104 354 211 51 31 
154 349 136 58 105 354 211 51 31 
155 349 136 59 105 355 211 50 30 
156 349 137 59 103 355 212 50 29 
157 350 137 57 102 355 212 51 29 
158 350 136 57 104 355 212 50 29 
159 349 136 58 104 355 211 50 30 
160 348 136 59 104 355 212 51 29 
161 349 136 59 104 355 211 50 30 
162 348 136 60 103 355 210 50 31 
163 349 136 58 103 355 210 50 31 
164 349 136 58 102 354 209 51 32 
165 349 136 58 102 354 209 52 32 
166 349 136 57 102 354 210 51 31 
167 349 136 58 103 354 211 51 31 
168 348 137 59 102 355 211 49 31 
169 349 136 57 104 354 211 50 31 
170 349 137 58 103 354 212 50 30 
171 350 136 56 103 354 211 50 30 
172 350 136 56 101 354 211 50 30 
173 350 137 56 100 354 211 50 30 
174 350 136 56 101 353 210 51 31 
175 349 137 57 100 353 210 52 31 
176 350 136 56 101 353 210 52 31 
177 350 136 55 101 353 210 51 31 
178 349 137 57 100 352 211 52 30 
179 350 137 56 100 353 211 51 30 
180 349 137 57 100 352 210 52 31 
181 350 137 56 99 353 211 51 30 
182 350 136 56 101 354 210 50 31 
183 354 209 51 31 350 135 56 101 
184 350 135 57 101 353 210 53 30 
185 350 134 56 101 353 210 52 30 
186 351 134 55 103 354 210 51 30 
187 351 134 55 104 354 211 51 29 
188 352 135 55 104 354 212 51 28 
189 350 136 57 102 354 212 51 29 
190 349 136 59 101 
191 349 135 60 104 
192 350 135 58 104 
193 350 136 59 103 
194 351 135 57 104 
195 350 135 58 105 
196 349 136 59 102 
197 349 135 59 104 
198 349 134 59 105 268 155 47 66 
199 350 134 57 105 666 3 30 29 
200 350 134 57 105 
201 350 133 56 107 
202 350 133 57 106 
203 351 132 56 108 
204 352 132 54 106 355 211 52 30 
205 352 133 54 105 355 210 52 31 
206 351 132 56 106 355 210 52 31 
207 351 131 55 108 355 210 52 31 
208 350 131 57 110 
209 350 131 56 110 
210 351 131 56 110 354 211 53 30 
211 350 132 57 108 354 211 53 31 
212 349 132 58 108 354 211 53 31 
213 350 131 57 109 355 211 53 32 
214 349 131 58 109 355 211 52 32 
215 350 131 58 109 354 211 53 32 
216 350 131 58 109 354 211 54 32 
217 351 130 57 110 
218 351 131 57 108 355 210 53 32 
219 351 130 57 109 355 210 53 32 
220 351 130 57 108 
221 351 128 57 111 
222 352 128 58 111 
223 352 128 58 111 
224 353 126 57 114 354 207 56 33 
225 353 127 58 112 355 207 55 33 
226 354 125 59 115 355 208 54 32 
227 355 125 58 115 
228 355 124 58 116 
229 355 126 58 114 
230 353 127 60 112 
231 354 128 60 111 
232 355 128 59 112 
233 356 127 57 114 
234 357 127 56 115 
235 357 128 56 114 
236 356 128 58 115 
237 355 129 59 113 
238 356 128 57 114 
239 357 128 56 113 
240 357 127 55 114 
241 356 128 57 113 
242 355 128 60 112 
243 356 127 58 114 
244 355 127 60 114 
245 355 127 60 114 
246 356 126 59 117 
247 356 126 59 118 
248 357 126 58 117 
249 357 126 59 117 
250 356 127 60 112 
251 358 126 58 113 
252 358 125 58 114 
253 358 126 58 113 
254 358 124 58 115 
255 358 124 59 116 
256 355 127 62 111 
257 356 125 60 114 
258 356 125 60 116 
259 356 126 60 116 
260 355 128 61 113 
261 355 128 60 113 
262 356 128 60 112 
263 357 127 60 113 
264 356 127 62 113 
265 356 126 62 115 
266 356 126 62 115 
267 356 125 61 117 
268 357 126 61 115 
269 357 124 61 119 
270 356 125 62 118 
271 355 126 62 116 
272 356 124 62 121 
273 357 124 62 122 
274 357 123 62 125 
275 356 122 62 126 
276 355 123 64 125 
277 355 122 63 127 
278 356 122 62 128 
279 354 122 63 129 
280 354 122 62 130 
281 354 122 63 130 
282 353 123 64 128 
283 354 123 65 126 
284 354 125 65 123 357 216 59 34 
285 352 125 66 123 
286 354 125 65 120 
287 354 122 66 124 356 211 61 36 
288 354 123 65 122 
289 354 120 68 124 
290 354 122 66 122 
291 355 122 65 121 
292 357 121 64 121 355 207 63 38 
293 357 120 63 122 355 207 63 38 
294 357 120 62 122 
295 358 120 62 122 
296 357 120 65 123 
297 356 117 68 126 
298 357 120 65 123 
299 358 121 64 122 
300 357 122 65 121 
301 358 121 64 123 
302 358 117 66 128 
303 358 116 66 128 
304 358 114 67 129 
305 358 114 68 129 
306 357 115 70 127 
307 357 115 70 127 356 209 64 36 
308 356 115 71 128 
309 357 116 70 127 354 209 67 36 
310 357 116 70 128 
311 358 116 69 129 
312 359 115 69 130 
313 358 115 70 129 353 209 68 38 
314 359 115 69 129 
315 359 114 69 130 
316 359 113 69 130 
317 357 112 72 131 353 207 70 38 
318 352 206 72 39 355 112 76 132 
319 357 114 73 128 352 206 70 39 
320 353 207 68 39 414 207 23 21 355 114 75 128 
321 353 208 68 38 356 115 75 126 408 207 31 23 
322 354 208 65 39 408 207 33 24 
323 354 209 66 39 
324 424 213 20 22 355 213 62 36 409 210 32 25 
325 419 211 28 26 355 214 62 35 
326 420 211 28 29 355 214 62 35 352 115 78 131 
327 421 211 31 29 353 115 74 132 356 215 61 34 
328 422 211 32 29 353 115 74 131 355 215 63 34 
329 423 210 34 33 352 114 74 132 354 214 65 36 
330 424 208 39 37 355 214 63 36 350 114 76 132 
331 428 210 39 37 27 211 28 50 354 213 64 37 348 115 78 130 
332 431 214 41 38 347 116 79 129 354 214 57 35 
333 428 216 51 38 347 115 79 132 354 215 57 35 
334 434 215 50 43 348 116 76 132 160 217 66 33 352 215 67 36 
335 437 215 52 45 348 116 79 133 352 213 66 39 